1543764595.880200 0.192386
1543764596.230200 0.398466
1543764596.580300 0.175088
1543764596.930300 0.163020
1543764597.280300 0.267117
1543764597.630400 0.120099
1543764597.980400 0.151494
1543764598.330400 0.732363
1543764598.680600 0.119840
1543764599.030500 0.458784
1543764599.380500 0.235344
1543764599.730600 0.259364
1543764600.080600 0.196361
1543764600.430600 0.221593
1543764600.780700 0.265432
1543764601.130700 0.235863
1543764601.480700 0.219712
1543764601.830700 0.205930
1543764602.180800 0.254827
1543764602.530800 0.238945
1543764602.880800 0.205075
1543764603.230900 0.291656
1543764603.580900 0.212721
1543764603.929900 0.260289
1543764604.280000 0.296377
1543764604.630000 0.191844
1543764604.980000 0.160582
1543764605.330100 0.105595
1543764605.680100 0.165093
1543764606.030100 0.199044
1543764606.380200 0.131341
1543764606.730200 0.177064
1543764607.080200 0.241449
1543764607.430200 0.169054
1543764607.780300 0.199866
1543764608.130400 0.173217
1543764608.480400 0.201948
1543764608.830400 0.179146
1543764609.180400 0.247941
1543764609.530400 0.269850
1543764609.880500 0.234766
1543764610.230500 0.507585
1543764610.580500 0.290579
1543764610.930500 17.397321
1543764611.490600 0.564804
1543764612.050700 0.497766
1543764612.400700 0.263168
1543764612.959700 0.511113
1543764613.659800 0.648044
1543764614.009800 0.325058
1543764614.359900 0.321836
1543764614.709900 0.314734
1543764615.059900 0.287703
1543764615.410000 0.278572
1543764615.760000 0.274207
1543764616.110000 0.483279
1543764616.460100 0.368735
1543764616.810100 0.350406
1543764617.160100 0.551254
1543764617.510200 0.291287
1543764617.860200 0.355542
1543764618.210200 0.284574
1543764618.560200 0.267660
1543764618.910300 0.258684
1543764619.260300 0.147368
1543764619.610400 0.289131
1543764620.170400 0.431054
1543764620.520400 0.270570
1543764620.870500 0.234963
1543764621.220500 0.505379
1543764621.570500 0.255084
1543764621.919500 0.227195
1543764622.269600 0.205343
1543764622.829600 0.234995
1543764623.179600 0.345326
1543764623.529700 0.180239
1543764623.879700 0.211023
1543764624.229800 0.345455
1543764624.579800 0.185808
1543764624.929800 0.235330
1543764625.279800 0.541861
1543764625.629900 0.289006
1543764625.979900 0.300337
1543764626.330000 0.381362
1543764626.680000 0.293394
1543764627.030000 0.383712
1543764627.380100 0.277839
1543764627.730100 0.267791
1543764628.080100 0.162469
1543764628.430100 0.219654
1543764628.780200 0.208543
1543764629.130200 0.244574
1543764629.480200 0.186958
1543764629.830300 0.144572
1543764630.180300 0.220481
1543764630.530300 0.158813
1543764630.875400 0.182579
1543764631.229400 0.215929
1543764631.579400 0.179400
1543764631.929500 0.224461
1543764632.279500 0.473529
1543764632.629500 0.259283
1543764632.979500 0.198240
1543764633.329600 0.138871
1543764633.679600 0.238769
1543764634.029600 0.121760
1543764634.379700 0.180126
1543764634.729700 0.161670
1543764635.079700 0.243576
1543764635.429700 0.275884
1543764635.779800 0.222379
1543764636.129800 0.356752
1543764636.479800 0.252327
1543764636.829900 0.232132
1543764637.180000 0.443891
1543764637.530000 0.326864
1543764638.090000 0.471220
1543764638.650000 0.420618
1543764639.000100 0.449021
1543764639.350100 0.360233
1543764639.700100 0.362996
1543764640.259200 0.646516
1543764640.609200 0.333662
1543764640.959200 0.341686
1543764641.309300 0.417470
1543764641.869400 0.469337
1543764642.219400 0.243330
1543764642.569400 0.270300
1543764642.919500 0.230815
1543764643.269500 0.215320
1543764643.619500 0.169374
1543764643.969500 0.169185
1543764644.319600 0.351259
1543764644.669600 0.203217
1543764645.019600 0.147086
1543764645.369800 0.160490
1543764645.719700 0.113510
1543764646.069700 0.314156
1543764646.419800 0.211960
1543764646.979900 0.346064
1543764647.959900 0.555745
1543764648.309900 0.363541
1543764648.660000 0.200612
1543764649.219000 0.221240
1543764649.569000 0.148973
1543764649.919100 0.215068
1543764650.269100 0.460395
1543764650.829100 0.401630
1543764651.179200 0.194654
1543764651.739300 0.356212
1543764652.089300 0.225432
1543764652.439300 0.188150
1543764652.789300 0.208554
1543764653.139400 0.143806
1543764653.489400 0.160591
1543764653.839400 0.210925
1543764654.189400 0.173490
1543764654.539500 0.217431
1543764654.889500 0.173403
1543764655.239500 0.248853
1543764655.799600 0.382471
1543764656.359700 0.511807
1543764656.709700 0.235094
1543764657.059700 0.270165
1543764657.409700 0.299850
1543764657.968800 0.412537
1543764658.318800 0.259782
1543764658.668800 0.230248
1543764659.018900 0.336647
1543764659.369300 0.327133
1543764659.718900 0.283079
1543764660.069000 0.515091
1543764660.419000 0.284782
1543764660.769000 0.316482
1543764661.119100 0.830978
1543764661.469100 0.322325
1543764661.819100 0.278174
1543764662.169200 0.426613
1543764662.519200 0.337419
1543764662.869300 0.357994
1543764663.219300 0.285963
1543764663.569300 0.297058
1543764664.129400 0.516724
1543764664.479400 0.370183
1543764664.829400 0.354569
1543764665.179400 0.299853
1543764665.529500 0.267963
1543764665.880900 0.237816
1543764666.229600 0.470222
1543764666.579600 0.356757
1543764666.928600 0.289732
1543764667.488600 0.440466
1543764667.838700 0.297411
1543764668.188700 0.306446
1543764668.538700 0.230927
1543764668.888700 0.267940
1543764669.238800 0.208359
1543764669.588800 0.252447
1543764669.938800 0.277767
1543764670.498900 0.676598
1543764670.848900 0.263139
1543764671.199000 0.174027
1543764671.549000 0.222492
1543764671.899000 0.221956
1543764672.459100 0.285781
1543764672.809200 0.150827
1543764673.159100 0.121582
1543764673.509200 0.103526
1543764673.859200 0.089183
1543764674.209200 0.344438
1543764674.559300 0.117346
1543764674.909300 0.095105
1543764675.259300 0.148994
1543764675.609400 0.140515
1543764675.958400 0.103423
1543764676.308400 0.177720
1543764676.658500 0.117079
1543764677.008500 0.162850
1543764677.358500 0.141616
1543764677.708600 0.185745
1543764678.058600 0.082445
1543764678.408600 0.097183
1543764678.758600 0.128695
1543764679.108700 0.143494
1543764679.458700 0.143805
1543764679.808700 0.216608
1543764680.158800 0.603231
1543764680.508800 0.236573
1543764680.858800 0.204453
1543764681.208900 0.844184
1543764681.558900 0.329141
1543764681.908900 0.319199
1543764682.259000 0.526591
1543764682.609000 0.275357
1543764682.959000 0.248066
1543764683.309100 0.255164
1543764683.659100 0.289650
1543764684.009100 0.253906
1543764684.359200 0.239526
1543764684.918200 0.295971
1543764685.268200 0.212594
1543764685.618300 0.227680
1543764685.968300 0.197650
1543764686.318300 0.224839
1543764686.668300 0.143215
1543764687.018400 0.306637
1543764687.368400 0.244385
1543764687.718500 0.213079
1543764688.068500 0.292180
1543764688.418500 0.171997
1543764688.768500 0.168090
1543764689.118600 0.272651
1543764689.468600 0.187184
1543764689.818600 0.160052
1543764690.168700 0.206407
1543764690.518700 0.108535
1543764690.868800 0.115551
1543764691.218800 0.363763
1543764691.568800 0.158181
1543764691.918800 0.113271
1543764692.268900 0.347622
1543764692.618900 0.135217
1543764692.968900 0.112709
1543764693.319000 0.377493
1543764693.669000 0.117202
1543764694.018000 0.221861
1543764694.578100 0.155405
1543764694.928100 0.101440
1543764695.278200 0.229844
1543764695.628200 0.088185
1543764695.978200 0.126845
1543764696.328200 0.137291
1543764696.678300 0.090329
1543764697.028300 0.490330
1543764697.378400 0.191842
1543764697.728400 0.141738
1543764698.078400 0.146856
1543764698.428400 0.119268
1543764698.778400 0.161037
1543764699.128500 0.198016
1543764699.478500 0.141933
1543764699.828500 0.146193
1543764700.178600 0.198621
1543764700.528600 0.141042
1543764700.878600 0.142139
1543764701.228700 0.167943
1543764701.578700 0.129255
1543764701.928700 0.085971
1543764702.278700 0.109335
1543764702.628800 0.159098
1543764702.977800 0.170371
1543764703.327800 0.139082
1543764703.677900 0.111417
1543764704.027900 0.156039
1543764704.378000 0.072868
1543764704.728000 0.115516
1543764705.078000 0.171911
1543764705.428000 0.128741
1543764705.778100 0.117552
1543764706.128200 0.122192
1543764706.478200 0.142871
1543764706.828200 0.201796
1543764707.178200 0.167872
1543764707.528300 0.139203
1543764707.878300 0.121781
1543764708.228300 0.097115
1543764708.578300 0.104663
1543764708.928400 0.159406
1543764709.278400 0.108152
1543764709.628400 0.113461
1543764709.978400 0.063598
1543764710.328500 0.288106
1543764710.688500 0.116154
1543764711.028500 0.262428
1543764711.378600 0.106567
1543764711.728600 0.075814
1543764712.077600 0.285158
1543764712.427700 0.044827
1543764712.777700 0.107495
1543764713.127800 0.199023
1543764713.477700 0.090943
1543764713.827800 0.096007
1543764714.177800 0.066228
1543764714.527900 0.082085
1543764714.877900 0.100487
1543764715.227900 0.199883
1543764715.577900 0.135443
1543764715.928000 0.117108
1543764716.278000 0.185336
1543764716.628100 0.168681
1543764716.978100 0.128226
1543764717.328100 0.269397
1543764717.678100 0.213509
1543764718.028200 0.241444
1543764718.378200 0.188454
1543764718.728200 0.177124
1543764719.288300 0.422630
1543764719.638300 0.307562
1543764720.198400 0.541583
1543764720.548400 0.255331
1543764720.897400 0.247304
1543764721.247500 0.134255
1543764721.597500 0.196699
1543764721.947500 0.248265
1543764722.297500 0.159544
1543764722.647600 0.217131
1543764722.997600 0.241864
1543764723.347600 0.190140
1543764723.697700 0.257684
1543764724.047800 0.287338
1543764724.397800 0.230344
1543764724.957800 0.317134
1543764725.307800 0.150044
1543764725.657900 0.178351
1543764726.007900 0.227339
1543764726.357900 0.203997
1543764726.708000 0.194330
1543764727.058000 0.202534
1543764727.408000 0.146852
1543764727.758100 0.191123
1543764728.108100 0.257808
1543764728.458100 0.209187
1543764728.808100 0.207367
1543764729.158200 0.232801
1543764729.508200 0.190341
1543764729.858300 0.235660
1543764730.207300 0.300013
1543764730.557300 0.180946
1543764730.907300 0.179344
1543764731.257300 0.197787
1543764731.607400 0.163489
1543764731.957400 0.221924
1543764732.307400 0.187220
1543764732.657500 0.168471
1543764733.007500 0.086894
1543764733.357600 0.131465
1543764733.707700 0.073722
1543764734.057600 0.167343
1543764734.407600 0.129955
1543764734.967700 0.249452
1543764735.317800 0.271111
1543764735.667800 0.124874
1543764736.017800 0.195877
1543764736.367800 0.087539
1543764736.717800 0.112502
1543764737.067900 0.270552
1543764737.417900 0.118893
1543764737.978000 0.274854
1543764738.328000 0.521616
1543764738.678100 0.184212
1543764739.237100 0.481035
1543764739.587100 0.220859
1543764739.937100 0.248963
1543764740.287200 0.213361
1543764740.637200 0.203850
1543764740.987300 0.195424
1543764741.337300 0.397993
1543764741.687300 0.202701
1543764742.037300 0.283459
1543764742.387400 0.268665
1543764742.737400 0.268911
1543764743.087400 0.282638
1543764743.437500 0.140003
1543764743.787500 0.138466
1543764744.137500 0.184567
1543764744.487600 0.171652
1543764744.837600 0.179159
1543764745.187600 0.365963
1543764745.537600 0.214828
1543764746.097700 0.267684
1543764746.447700 0.177011
1543764746.797800 0.172392
1543764747.147800 0.435156
1543764747.497800 0.279626
1543764747.847800 0.221732
1543764748.196900 0.289374
1543764748.546900 0.239324
1543764748.896900 0.188463
1543764749.247000 0.325837
1543764749.597000 0.214038
1543764749.947000 0.185139
1543764750.297100 0.331682
1543764750.647100 0.211095
1543764751.417200 0.468658
1543764751.767200 0.180719
1543764752.117200 0.145265
1543764752.467300 0.145505
1543764753.027400 0.325864
1543764753.587400 0.262922
1543764753.937400 0.177715
1543764754.287400 0.161070
1543764754.847500 0.210321
1543764755.197500 0.357910
1543764755.547600 0.199906
1543764755.897600 0.239344
1543764756.247600 0.169866
1543764756.597600 0.164276
1543764757.156700 0.338850
1543764757.506700 0.157290
1543764757.856700 0.185979
1543764758.206800 0.214741
1543764758.556800 0.210083
1543764758.906800 0.227470
1543764759.256900 0.201181
1543764759.606900 0.131474
1543764759.956900 0.173761
1543764760.307000 0.189182
1543764760.657000 0.149578
1543764761.007000 0.167002
1543764761.357100 0.115939
1543764761.707100 0.081139
1543764762.057100 0.220260
1543764762.407200 0.153198
1543764762.757200 0.113711
1543764763.107200 0.340526
1543764763.457200 0.148116
1543764763.807300 0.087739
1543764764.157300 0.454899
1543764764.507400 0.226579
1543764764.857400 0.216346
1543764765.207400 0.237889
1543764765.557400 0.107011
1543764766.116500 0.111168
1543764766.466500 0.080919
1543764766.816500 0.060604
1543764767.166600 0.497990
1543764767.726600 0.312825
1543764768.076700 0.568586
1543764768.426700 0.227900
1543764768.776700 0.189038
1543764769.126800 0.287199
1543764769.476800 0.129286
1543764769.826800 0.087254
1543764770.176800 0.445332
1543764770.526900 0.233622
1543764770.876900 0.193349
1543764771.227000 0.199132
1543764771.577000 0.148138
1543764771.927000 0.117816
1543764772.277100 0.462939
1543764772.627100 0.211440
1543764772.977100 0.227850
1543764773.327100 0.188845
1543764773.677200 0.199082
1543764774.027200 0.115032
1543764774.377300 0.189285
1543764774.727300 0.163608
1543764775.076300 0.122832
1543764775.636400 0.220108
1543764775.986400 0.131834
1543764776.336400 0.432749
1543764776.686500 0.203574
1543764777.036500 0.188834
1543764777.596500 0.260464
1543764777.946600 0.175284
1543764778.296600 0.380139
1543764778.646600 0.189513
1543764778.996700 0.200526
1543764779.346700 0.113851
1543764779.696700 0.099047
1543764780.046700 0.190552
1543764780.396800 0.024053
1543764780.746800 0.025602
1543764781.096900 0.394653
1543764781.446900 0.159177
1543764781.797000 0.127118
1543764782.147000 0.193674
1543764782.497000 0.094890
1543764782.847000 0.079949
1543764783.197000 0.360626
1543764783.757100 0.132690
1543764784.106100 0.370649
1543764784.456100 0.230454
1543764784.806200 0.241881
1543764785.156200 0.465325
1543764785.716300 0.371235
1543764786.066300 0.398160
1543764786.626400 0.493976
1543764786.976400 0.337815
1543764787.326400 0.361073
1543764787.676400 0.123654
1543764788.026500 0.540760
1543764788.376500 0.196812
1543764788.726500 0.208289
1543764789.076600 0.487038
1543764789.426600 0.184142
1543764789.776600 0.224289
1543764790.126700 0.561049
1543764790.476700 0.244841
1543764790.826700 0.223515
1543764791.176700 0.453121
1543764791.526800 0.273656
1543764791.876900 0.262664
1543764792.226800 0.298359
1543764792.576900 0.254529
1543764792.925900 0.252356
1543764793.486000 0.513432
1543764793.836000 0.224592
1543764794.396100 0.285616
1543764794.746100 0.256146
1543764795.096100 0.197008
1543764795.446100 0.113335
1543764795.796200 0.115735
1543764796.146200 0.263294
1543764796.496200 0.057299
1543764797.056300 0.184419
1543764797.406300 0.082766
1543764797.756300 0.141469
1543764798.106400 0.300418
1543764798.456400 0.200479
1543764798.806400 0.186698
1543764799.156500 0.122349
1543764799.506500 0.115280
1543764799.856500 0.175988
1543764800.206600 0.508550
1543764800.556600 0.166826
1543764800.906600 0.195983
1543764801.256600 0.074057
1543764801.606700 0.095887
1543764801.955700 0.052838
1543764802.305700 0.133668
1543764802.655800 0.143505
1543764803.215800 0.214300
1543764803.565900 0.156966
1543764803.915900 0.105909
1543764804.265900 0.220772
1543764804.615900 0.112976
1543764804.966000 0.062113
1543764805.316000 0.139070
1543764805.666000 0.116231
1543764806.016100 0.239504
1543764806.366100 0.156079
1543764806.926200 0.260231
1543764807.276200 0.248069
1543764807.626200 0.151861
1543764807.976300 0.180949
1543764808.326300 0.207987
1543764808.676300 0.214774
1543764809.026300 0.306849
1543764809.376400 0.212995
1543764809.726400 0.181789
1543764810.076400 0.330052
1543764810.426500 0.255864
1543764810.776500 0.228397
1543764811.125700 0.276098
1543764811.475600 0.172629
1543764811.825600 0.210884
1543764812.175600 0.247940
1543764812.525700 0.196750
1543764812.875800 0.191867
1543764813.225700 0.224916
1543764813.575800 0.104758
1543764813.925800 0.106150
1543764814.275800 0.328758
1543764814.625900 0.193417
1543764814.975900 0.137347
1543764815.325900 0.591777
1543764815.675900 0.307267
1543764816.026000 0.225042
1543764816.376000 0.219025
1543764816.726000 0.253398
1543764817.076100 0.239857
1543764817.426100 0.192390
1543764817.776100 0.189768
1543764818.336200 0.428308
1543764818.686200 0.220439
1543764819.036200 0.150866
1543764819.386300 0.140672
1543764819.736300 0.141079
1543764820.085400 0.330450
1543764820.435400 0.222710
1543764820.785400 0.232172
1543764821.135500 0.185301
1543764821.485500 0.228801
1543764821.835500 0.245510
1543764822.185500 0.411960
1543764822.745600 0.519609
1543764823.095600 0.271704
1543764823.445600 0.173768
1543764823.795700 0.147037
1543764824.145700 0.285195
1543764824.495700 0.186889
1543764824.845800 0.167512
1543764825.195800 0.190448
1543764825.545800 0.113251
1543764825.895900 0.127003
1543764826.245900 0.382922
1543764826.595900 0.173397
1543764826.945900 0.207287
1543764827.296000 0.229135
1543764827.646000 0.148568
1543764827.996000 0.259791
1543764828.346100 0.112980
1543764828.696100 0.122444
1543764829.045100 0.152021
1543764829.395200 0.156102
1543764829.745200 0.139030
1543764830.095200 0.272806
1543764830.445300 0.076608
1543764830.795300 0.123212
1543764831.145300 0.146526
1543764831.495300 0.108964
1543764831.845400 0.113761
1543764832.195400 0.199316
1543764832.545500 0.060102
1543764832.895500 0.119011
1543764833.455500 0.258173
1543764833.805600 0.091778
1543764834.155600 0.162804
1543764834.505600 0.057639
1543764834.855700 0.091267
1543764835.205700 0.103437
1543764835.555700 0.071429
1543764835.905800 0.089301
1543764836.255800 0.086172
1543764836.815800 0.102582
1543764837.165900 0.199583
1543764837.515900 0.075950
1543764837.865900 0.126873
1543764838.215000 0.193864
1543764838.565000 0.104877
1543764838.915000 0.127356
1543764839.265100 0.568115
1543764839.615100 0.222955
1543764839.965200 0.179811
1543764840.315200 0.366032
1543764840.665200 0.185769
1543764841.015200 0.238507
1543764841.365200 0.141439
1543764841.715300 0.154717
1543764842.065300 0.160026
1543764842.415300 0.142250
1543764842.765400 0.107238
1543764843.115400 0.187125
1543764843.465400 0.201878
1543764843.815500 0.152233
1543764844.165500 0.335161
1543764845.145600 0.548461
1543764845.495800 0.227485
1543764845.845700 0.180219
1543764846.195700 0.291398
1543764846.545700 0.173114
1543764846.890800 0.161072
1543764847.244800 0.315394
1543764847.594800 0.252370
1543764847.944800 0.231637
1543764848.294900 0.380179
1543764848.644900 0.247411
1543764848.994900 0.254931
1543764849.345000 0.241459
1543764849.695100 0.240629
1543764850.045000 0.347194
1543764850.395100 0.239605
1543764850.745100 0.197527
1543764851.095100 0.153766
1543764851.445100 0.145327
1543764851.795200 0.216563
1543764852.145200 0.173609
1543764852.495200 0.133021
1543764852.845300 0.166754
1543764853.195300 0.366493
1543764853.545400 0.197805
1543764853.895400 0.267245
1543764854.245400 0.294312
1543764854.595400 0.108732
1543764854.945500 0.123202
1543764855.295500 0.232378
1543764855.645500 0.161068
1543764855.994600 0.164948
1543764856.344600 0.131272
1543764856.694600 0.185331
1543764857.044700 0.230601
1543764857.394700 0.151538
1543764857.954700 0.279006
1543764858.304800 0.134303
1543764858.654800 0.159016
1543764859.004800 0.183954
1543764859.354900 0.121384
1543764859.704900 0.147942
1543764860.054900 0.254696
1543764860.405000 0.161525
1543764860.755000 0.196632
1543764861.105000 0.270804
1543764861.875100 0.344982
1543764862.225100 0.220060
1543764862.575100 0.149707
1543764863.135200 0.367441
1543764863.485300 0.162686
1543764863.835200 0.126811
1543764864.185300 0.498610
1543764864.535300 0.174829
1543764864.885400 0.130942
1543764865.234400 0.310055
1543764865.794400 0.139309
1543764866.144500 0.333153
1543764866.494500 0.121161
1543764866.844500 0.147466
1543764867.194600 0.180296
1543764867.544600 0.159374
1543764867.894600 0.116225
1543764868.244700 0.345808
1543764868.594700 0.107808
1543764868.944800 0.107709
1543764869.294800 0.114110
1543764869.644800 0.073334
1543764869.994800 0.376931
1543764870.344800 0.312136
1543764870.694900 0.201410
1543764871.044900 0.823186
1543764871.394900 0.279631
1543764871.745000 0.242915
1543764872.095000 0.455638
1543764872.445100 0.286156
1543764873.005100 0.425585
1543764873.355100 0.309748
1543764873.705100 0.268211
1543764874.054200 0.226520
1543764874.404200 0.198136
1543764874.754200 0.199180
1543764875.104300 0.235817
1543764875.454300 0.171423
1543764875.804300 0.163149
1543764876.154400 0.270425
1543764876.504400 0.121078
1543764877.064400 0.272762
1543764877.414500 0.172835
1543764877.764500 0.121674
1543764878.114500 0.262074
1543764878.464600 0.092528
1543764878.814600 0.126156
1543764879.164600 0.198617
1543764879.514700 0.185442
1543764879.864700 0.195371
1543764880.214700 0.245734
1543764880.564800 0.137100
1543764880.914800 0.136134
1543764881.264800 0.322730
1543764881.614900 0.177418
1543764881.964900 0.204034
1543764882.314900 0.534896
1543764882.665000 0.183657
1543764883.224000 0.583962
1543764883.574000 0.168140
1543764883.924100 0.186194
1543764884.274100 0.105262
1543764884.624100 0.131288
1543764884.974200 0.210442
1543764885.324200 0.402984
1543764885.674200 0.205510
1543764886.024300 0.148737
1543764886.374300 0.170083
1543764886.724300 0.180501
1543764887.074400 0.255562
1543764887.424400 0.140931
1543764887.774400 0.115737
1543764888.124500 0.235076
1543764888.474500 0.097931
1543764888.824500 0.148589
1543764889.174500 0.475577
1543764889.524600 0.085925
1543764889.874700 0.153837
1543764890.224600 0.314399
1543764890.574700 0.078462
1543764890.924700 0.135489
1543764891.274700 0.453282
1543764891.624800 0.203866
1543764891.973800 0.170428
1543764892.323800 0.192263
1543764892.673800 0.227809
1543764893.023900 0.174895
1543764893.374500 0.188917
1543764893.724000 0.162428
1543764894.074000 0.182602
1543764894.424000 0.227606
1543764894.774000 0.189593
1543764895.124100 0.226002
1543764895.474100 0.162250
1543764895.824100 0.215692
1543764896.174200 0.331929
1543764896.524200 0.207069
1543764896.874200 0.187949
1543764897.224300 0.251012
1543764897.574300 0.158869
1543764897.924400 0.225245
1543764898.274400 0.373243
1543764898.624400 0.192663
1543764898.974400 0.210015
1543764899.324500 0.522195
1543764899.674500 0.192969
1543764900.024500 0.269430
1543764900.374600 0.164692
1543764900.724600 0.163422
1543764901.073600 0.189973
1543764901.633700 0.210003
1543764901.983800 0.135755
1543764902.333700 0.276284
1543764902.683800 0.042851
1543764903.033800 0.088951
1543764903.383800 0.075046
1543764903.733900 0.060700
1543764904.083900 0.099226
1543764904.433900 0.047908
1543764904.783900 0.047589
1543764905.134000 0.364401
1543764905.484100 0.135816
1543764905.834000 0.176828
1543764906.184100 0.301749
1543764906.534100 0.214346
1543764906.884100 0.193338
1543764907.234200 0.364526
1543764907.584200 0.178521
1543764907.934200 0.218923
1543764908.284300 0.345351
1543764908.634300 0.294697
1543764908.984300 0.252188
1543764909.334400 0.251114
1543764909.684400 0.183152
1543764910.033400 0.886726
1543764910.383500 0.343585
1543764910.733700 0.355578
1543764911.083500 0.408918
1543764911.433500 0.279939
1543764911.783600 0.259616
1543764912.133600 0.302958
1543764912.483900 0.314423
1543764912.833700 0.333207
1543764913.183700 0.336539
1543764913.533700 0.246324
1543764913.883800 0.250909
1543764914.233800 0.455392
1543764914.583800 0.249238
1543764914.933800 0.241570
1543764915.283900 0.126889
1543764915.633900 0.113808
1543764915.984100 0.097600
1543764916.334000 0.103745
1543764916.684000 0.176384
1543764917.034100 0.183664
1543764917.384100 0.155465
1543764917.734200 0.190898
1543764918.084100 0.382157
1543764918.434200 0.281127
1543764918.784200 0.313389
1543764919.133200 0.295061
1543764919.483300 0.261550
1543764920.043300 0.297192
1543764920.393300 0.239535
1543764920.743400 0.311378
1543764921.093400 0.272117
1543764921.443400 0.231307
1543764921.793500 0.235144
1543764922.143500 0.306916
1543764922.493500 0.253844
1543764922.843600 0.288551
1543764923.193600 0.294878
1543764923.543600 0.199584
1543764923.893700 0.188820
1543764924.243700 0.150699
1543764924.593800 0.240849
1543764924.943800 0.203531
1543764925.293800 0.156000
1543764925.643800 0.199349
1543764925.993900 0.147755
1543764926.553900 0.323835
1543764926.904000 0.165462
1543764927.254000 0.346166
1543764927.604000 0.175032
1543764927.953000 0.228760
1543764928.303100 0.366777
1543764928.863100 0.322107
1543764929.213100 0.215064
1543764929.563200 0.134156
1543764929.913200 0.202848
1543764930.263200 0.298707
1543764930.613300 0.194894
1543764930.963300 0.200068
1543764931.313300 0.640765
1543764931.663400 0.304979
1543764932.013400 0.256483
1543764932.363400 0.219250
1543764932.713500 0.215406
1543764933.063500 0.151534
1543764933.413500 0.208304
1543764933.763600 0.257942
1543764934.323600 0.239195
1543764934.673600 0.213165
1543764935.023700 0.152240
1543764935.373700 0.184842
1543764935.723700 0.196571
1543764936.073800 0.064292
1543764936.423900 0.119476
1543764936.773800 0.138726
1543764937.122900 0.242652
1543764937.472900 0.121612
1543764937.822900 0.131425
1543764938.172900 0.140675
1543764938.523000 0.121636
1543764938.873000 0.136965
1543764939.223000 0.103265
1543764939.573100 0.120148
1543764939.923100 0.085750
1543764940.273100 0.497752
1543764940.623200 0.123262
1543764940.973200 0.112219
1543764941.323200 0.162846
1543764941.673300 0.223025
1543764942.023300 0.223602
1543764942.373300 0.205912
1543764942.723300 0.170824
1543764943.073400 0.326209
1543764943.423400 0.255852
1543764943.773400 0.252973
1543764944.123500 0.438794
1543764944.473500 0.232861
1543764944.823500 0.164918
1543764945.173600 0.474317
1543764945.733700 0.424253
1543764946.082700 0.199956
1543764946.432700 0.198134
1543764946.782700 0.199221
1543764947.132800 0.255312
1543764947.482800 0.253066
1543764947.832800 0.208221
1543764948.182800 0.277166
1543764948.532900 0.064395
1543764948.882900 0.030307
1543764949.233000 0.395341
1543764949.793000 0.282311
1543764950.143000 0.294260
1543764950.493100 0.321526
1543764950.843100 0.205778
1543764951.193100 1.446350
1543764951.543100 0.574138
1543764951.893200 0.505528
1543764952.243200 0.535716
1543764952.593200 0.270864
1543764952.943300 0.299328
1543764953.293300 0.177252
1543764953.643300 0.242024
1543764953.993400 0.184917
1543764954.343400 0.122243
1543764954.693400 0.239882
1543764955.042400 0.396122
1543764955.392500 0.161654
1543764955.742600 0.127299
1543764956.092600 0.626381
1543764956.442600 0.337516
1543764956.792600 0.356751
1543764957.142600 0.293543
1543764957.492700 0.268297
1543764957.842700 0.209928
1543764958.192700 0.250541
1543764958.542800 0.254188
1543764958.892800 0.290182
1543764959.452900 0.661009
1543764959.802900 0.247508
1543764960.152900 0.389307
1543764960.713000 0.405474
1543764961.063000 0.324972
1543764961.413000 0.267571
1543764961.763100 0.286214
1543764962.113100 0.637947
1543764962.463100 0.196355
1543764962.813200 0.201269
1543764963.163200 0.370468
1543764963.513200 0.221046
1543764963.863200 0.226927
1543764964.212300 0.166592
1543764964.562300 0.092626
1543764964.912300 0.058900
1543764965.262500 0.252521
1543764965.612500 0.088755
1543764965.962400 0.090220
1543764966.312500 0.761287
1543764966.662500 0.269370
1543764967.012500 0.368704
1543764967.362600 0.228750
1543764967.712600 0.157019
1543764968.272600 0.282869
1543764968.622700 0.190436
1543764968.972700 0.175542
1543764969.322700 0.348072
1543764969.672800 0.160736
1543764970.022800 0.162658
1543764970.372800 0.125566
1543764970.722900 0.184641
1543764971.072900 0.296559
1543764971.422900 0.095290
1543764971.773000 0.100947
1543764972.123800 0.170695
1543764972.473000 0.124427
1543764972.823000 0.110484
1543764973.172100 0.156347
1543764973.522100 0.154916
1543764974.082200 0.236962
1543764974.432200 0.129566
1543764974.782200 0.149344
1543764975.132300 0.238462
1543764975.482300 0.142660
1543764976.042400 0.310298
1543764976.392400 0.147239
1543764976.742400 0.176396
1543764977.092500 0.261440
1543764977.442500 0.155675
1543764977.792500 0.174965
1543764978.142500 0.191732
1543764978.492600 0.175573
1543764978.842600 0.239705
1543764979.192600 0.260849
1543764979.542700 0.230943
1543764979.892700 0.220477
1543764980.242700 0.196929
1543764980.592700 0.275259
1543764980.942800 0.208089
1543764981.292800 0.156207
1543764981.852900 0.253875
1543764982.201900 0.190070
1543764982.551900 0.244589
1543764983.112000 0.398368
1543764983.462000 0.228385
1543764983.812100 0.196850
1543764984.162100 0.295355
1543764984.512200 0.256030
1543764985.072200 0.533668
1543764985.422200 0.252291
1543764985.772200 0.288981
1543764986.122300 0.434975
1543764986.472300 0.290914
1543764987.032400 0.515912
1543764987.382400 0.218678
1543764987.942400 0.488752
1543764988.292500 0.223886
1543764988.852500 0.300901
1543764989.412600 0.539194
1543764989.762600 0.262444
1543764990.112600 0.181680
1543764990.462600 0.140564
1543764990.812700 0.140345
1543764991.371700 0.357856
1543764991.721800 0.180728
1543764992.071800 0.277042
1543764992.421800 0.136029
1543764992.771800 0.149334
1543764993.331900 0.207684
1543764993.682000 0.134312
1543764994.032000 0.153483
1543764994.592100 0.148669
1543764995.152100 0.148331
1543764995.712100 0.228528
1543764996.062100 0.164426
1543764996.412200 0.124354
1543764996.762200 0.125455
1543764997.322300 0.253403
1543764997.672300 0.145394
1543764998.022300 0.106920
1543764998.372400 0.139287
1543764998.722400 0.139770
1543764999.072400 0.256381
1543764999.422400 0.199392
1543764999.772500 0.191692
1543765000.121500 0.369117
1543765000.471500 0.198262
1543765000.821600 0.247011
1543765001.171600 0.215864
1543765001.731700 0.305215
1543765002.081700 0.313125
1543765002.431700 0.297541
1543765002.781700 0.266886
1543765003.131800 0.211811
1543765003.481800 0.191385
1543765003.831900 0.163368
1543765004.181900 0.263501
1543765004.531900 0.196192
1543765004.881900 0.185013
1543765005.232000 0.150658
1543765005.582000 0.141949
1543765005.932000 0.177541
1543765006.282100 0.544531
1543765006.632100 0.241166
1543765006.982100 0.239069
1543765007.332200 0.342728
1543765007.682200 0.202988
1543765008.032200 0.410238
1543765008.382300 0.261663
1543765008.732300 0.234025
1543765009.081300 0.358444
1543765009.431300 0.231223
1543765009.781400 0.302639
1543765010.131500 0.218835
1543765010.481400 0.149641
1543765010.831500 0.151910
1543765011.181500 0.295843
1543765011.531500 0.192845
1543765011.881600 0.223763
1543765012.231600 0.366965
1543765012.581600 0.159496
1543765012.931600 0.241057
1543765013.281700 0.228750
1543765013.631800 0.151735
1543765013.981800 0.244748
1543765014.331800 0.392776
1543765014.891800 0.328150
1543765015.241900 0.482232
1543765015.591900 0.271974
1543765016.151900 0.557120
1543765016.502000 0.277983
1543765016.852000 0.251598
1543765017.202000 0.471999
1543765017.552100 0.290807
1543765017.902100 0.347956
1543765018.251100 0.201477
1543765018.601200 0.162182
1543765018.951200 0.652854
1543765019.301300 0.651600
1543765020.071300 2.008327
1543765020.421300 1.410399
1543765020.771400 1.262629
1543765021.611500 3.788989
1543765021.961500 1.834779
1543765022.311500 2.130443
1543765023.081600 4.969487
1543765023.431600 2.504975
1543765023.781600 2.599484
1543765024.131700 2.748382
1543765024.481700 2.856065
1543765024.831800 3.059052
1543765025.181800 2.867307
1543765025.531800 3.362068
1543765025.881800 3.504326
1543765026.231800 3.751527
1543765026.581900 3.837317
1543765027.141000 6.832753
1543765027.491000 4.507685
1543765028.261000 10.293379
1543765028.821100 7.706536
1543765029.171100 5.224336
1543765029.521100 5.459035
1543765029.871200 5.606035
1543765030.221200 5.678025
1543765030.571300 5.822366
1543765030.921300 6.004489
1543765031.271300 5.983661
1543765031.621300 6.323608
1543765032.181400 10.454082
1543765032.531400 6.718152
1543765032.881500 6.961394
1543765033.231500 7.304770
1543765033.581500 7.372873
1543765033.931600 7.572378
1543765034.281600 7.718822
1543765034.631600 7.912618
1543765034.981700 7.999736
1543765035.331700 8.384595
1543765035.681700 8.544053
1543765036.030700 8.462189
1543765036.380800 8.799349
1543765036.730800 9.025461
1543765037.080800 9.484471
1543765037.430900 9.435270
1543765037.780900 9.696266
1543765038.131000 9.410877
1543765038.480900 9.784460
1543765038.831000 10.143319
1543765039.181000 11.195813
1543765039.531100 10.718553
